0,312
212,1
212,3
133,1
133,3
198,1
198,3
86,1
86,3
12,1
12,4
13,1
13,3
0,434
0,10
0,8
0,432
0,421
0,420
82,1
82,3
0,419
0,418
121,4
118,1
118,3
191,1
191,3
78,3
0,417
0,416
0,415
0,431
0,430
0,414
0,411
128,0
0,410
0,12
0,11
0,305
0,304
0,1
0,303
0,406
0,302
0,404
0,428
128,2
0,403
0,326
128,5
128,1
128,4
0,400
0,399
0,398
0,347
105,1
105,4
0,396
0,327
0,394
0,427
0,393
0,392
0,391
0,360
0,357
0,388
0,426
0,387
0,346
0,386
0,385
0,371
0,370
0,425
0,384
0,383
0,382
0,358
0,424
0,351
0,350
0,379
0,378
0,348
0,376
128,3
0,435
0,375
0,374
0,373
11,3
0,368
2,4
2,3
0,367
1,3
0,300
0,299
0,298
0,297
0,296
0,295
0,294
0,293
0,292
0,291
0,290
0,289
0,288
0,287
0,286
0,285
0,284
0,283
0,282
0,281
0,280
0,279
0,278
0,277
0,276
0,275
0,274
0,273
0,272
0,271
0,270
0,269
0,268
0,267
0,266
0,265
0,264
0,263
0,262
0,261
0,260
0,259
0,258
0,257
0,256
0,255
0,254
0,253
0,252
0,251
0,250
0,249
0,248
0,247
0,246
0,245
0,244
0,242
0,241
0,240
0,239
0,238
0,237
0,236
0,235
0,234
0,233
0,232
0,231
0,230
0,229
0,228
0,227
0,226
0,225
0,224
0,223
0,222
0,221
0,220
0,219
0,322
0,218
0,217
0,216
0,215
0,214
0,213
0,212
0,211
0,210
0,209
0,208
0,207
0,206
0,205
0,204
0,203
0,202
0,333
0,201
0,200
0,199
0,198
0,197
0,196
0,195
0,194
0,193
0,192
0,63
0,62
0,61
0,60
0,59
0,58
0,57
0,56
0,55
0,54
0,53
0,52
0,51
0,50
0,49
0,48
0,47
0,46
0,45
0,6
164,3
116,3
6,4
14,3
12,3
5,3
16,3
19,3
9,3
10,3
15,3
0,2
0,339
0,362
0,310
0,364
0,380
0,361
0,377
0,359
